Index,Match
36704,143
36705,143
36706,143
36707,143
36710,143
36711,143
36712,143
36715,143
36719,143
36720,143
36721,143
36722,143
36723,143
